# fit_radec
#---Thu Jul 13 12:19:11 2006
# Fitting 26 observations
#  Preliminary a, adot, b, bdot, g, gdot:
#  -0.000010 0.009795 0.000003 -0.010271 0.017342 0.000000
# Chi-squared of fit: 12.93 DOF: 46
# Exact a, adot, b, bdot, g, gdot:
 0.00001058  0.00964875 -0.00000951 -0.01019767  0.01727286 -0.00128386
# a=57.419544 AU,e=0.102757,i=46.640308 deg
# Barycentric distance 58.365+-0.002
# Covariance matrix: 
 1.8925e-13 -1.1400e-12 -4.0606e-14  3.0562e-13  1.4888e-13  4.6455e-11 
-1.1400e-12  3.5137e-11  1.2039e-12 -9.1023e-12 -4.9671e-13 -1.3881e-09 
-4.0606e-14  1.2039e-12  1.2473e-13 -2.8125e-13 -1.6276e-14 -4.8543e-11 
 3.0562e-13 -9.1023e-12 -2.8125e-13  3.1117e-12  1.2030e-13  3.6703e-10 
 1.4888e-13 -4.9671e-13 -1.6276e-14  1.2030e-13  2.6922e-13  1.8045e-11 
 4.6455e-11 -1.3881e-09 -4.8543e-11  3.6703e-10  1.8045e-11  5.5974e-08 
#     lat0       lon0       xBary     yBary      zBary   JD0
   0.5265706   72.7488701  0.8910969  0.0043768 -0.4644064  2453646.922520
